"Package","Version","Built"
"affxparser","1.80.0","4.5.0"
"aroma.affymetrix","3.2.3","4.5.0"
"aroma.apd","0.7.1","4.5.0"
"aroma.core","3.3.2","4.5.0"
"aroma.light","3.38.0","4.5.0"
"calmate","0.13.0","4.5.0"
"DNAcopy","1.82.0","4.5.0"
"PSCBS","0.68.0","4.5.0"
"R.devices","2.17.4","4.5.2"
"R.filesets","2.15.1","4.5.0"
"R.huge","0.10.1","4.5.0"
"sfit","0.3.2-9001","4.5.0"
"alphahull","2.5","4.5.0"
"anytime","0.3.13","4.5.2"
"autovi","0.4.1","4.5.0"
"backports","1.5.1","4.5.2"
"bandicoot","1.0.1","4.5.0"
"base64enc","0.1-6","4.5.2"
"BB","2026.1.0","4.5.2"
"BiocManager","1.30.27","4.5.2"
"bslib","0.12.0","4.5.2"
"cassowaryr","2.0.2","4.5.0"
"checkmate","2.3.4","4.5.2"
"CircularRegression","0.5.2","4.5.0"
"cli","3.6.6","4.5.2"
"commonmark","2.0.0","4.5.0"
"conicfit","1.0.4","4.5.0"
"covr","3.6.5","4.5.0"
"crosstalk","1.2.2","4.5.0"
"cubature","2.1.4-1","4.5.2"
"data.tree","1.2.0","4.5.0"
"DBI","1.3.0","4.5.2"
"devtools","2.5.2","4.5.2"
"DonutMap","0.0.0.9000","4.5.0"
"earth","5.3.5","4.5.2"
"ellipsis","0.3.3","4.5.2"
"energy","1.7-12","4.5.0"
"evalueHMM","0.1.0","4.5.0"
"extraDistr","1.10.0.2","4.5.2"
"fable","0.5.0","4.5.2"
"fabletools","0.7.0","4.5.2"
"feasts","0.5.0","4.5.2"
"fs","2.1.0","4.5.2"
"geigen","2.3","4.5.0"
"ggcircular","0.1.0","4.5.0"
"ggdist","3.3.3","4.5.0"
"ggtime","0.2.0","4.5.2"
"glue","1.8.1","4.5.2"
"highr","0.12","4.5.2"
"hmmSSF","0.1.0","4.5.0"
"HMMSSFGenerativeRepair","0.1.0","4.5.0"
"htmltools","0.5.9","4.5.2"
"htmlwidgets","1.6.4","4.5.0"
"isspca","0.1.0","4.5.0"
"jsonlite","2.0.0","4.5.0"
"knitr","1.51","4.5.2"
"lattice","0.22-9","4.5.2"
"lazyeval","0.2.3","4.5.2"
"leaflet","2.2.3","4.5.0"
"leaflet.esri","1.0.0","4.5.0"
"leaflet.extras","2.0.2","4.5.2"
"leaflet.indoor","0.1.0.9000","4.5.0"
"leaflet.providers","3.0.0","4.5.2"
"learnrTrackR","0.0.1","4.5.0"
"lintr","3.4.0","4.5.2"
"magrittr","2.0.5","4.5.2"
"Matrix","1.7-5","4.5.2"
"matrixcalc","1.0-6","4.5.0"
"mmrm","0.3.18","4.5.2"
"momentuHMM","1.5.8","4.5.2"
"mpoly","1.1.2","4.5.0"
"orthopolynom","1.0-6.1","4.5.0"
"otel","0.2.0","4.5.0"
"pak","0.11.1","4.5.2"
"partitions","1.10-9","4.5.0"
"pingr","2.0.5","4.5.0"
"pkgbuild","1.4.8","4.5.0"
"pkgdown","2.2.1","4.5.2"
"pkgload","1.5.3","4.5.2"
"plotmo","3.7.0","4.5.2"
"plotrix","3.8-14","4.5.2"
"png","0.1-9","4.5.2"
"polynom","1.4-1","4.5.0"
"promises","1.5.0","4.5.0"
"qdapRegex","0.7.10","4.5.0"
"quarto","1.5.1","4.5.0"
"R.rsp","0.46.0","4.5.0"
"rcartocolor","2.1.2","4.5.0"
"Rcpp","1.1.2","4.5.2"
"rdtools","0.1.0","4.5.2"
"rlang","1.3.0","4.5.2"
"rmarkdown","2.32","4.5.2"
"roxygen2","8.1.0","4.5.2"
"rticles","0.27","4.5.0"
"rversions","3.0.0","4.5.0"
"s2","1.1.11","4.5.2"
"scatterplot3d","0.3-45","4.5.2"
"setRNG","2024.2-1","4.5.0"
"sets","1.0-25","4.5.0"
"sf","1.1-2","4.5.2"
"sfsmisc","1.1-23","4.5.2"
"sgeostat","1.0-27","4.5.0"
"shiny","1.14.0","4.5.2"
"shinytest2","0.5.1","4.5.2"
"slickR","0.6.1","4.5.0"
"sp","2.2-3","4.5.2"
"spatstat.data","3.1-9","4.5.0"
"spatstat.geom","3.8-1","4.5.2"
"spatstat.random","3.5-0","4.5.2"
"spatstat.sparse","3.2-0","4.5.2"
"spatstat.univar","3.2-0","4.5.2"
"spatstat.utils","3.2-3","4.5.2"
"spelling","2.3.2","4.5.0"
"splancs","2.01-45","4.5.0"
"splines2","0.5.4","4.5.0"
"stringi","1.8.9","4.5.2"
"tensor","1.5.1","4.5.0"
"terra","1.9-46","4.5.2"
"testthat","3.3.2","4.5.2"
"tinytest","1.4.3","4.5.2"
"tinytex","0.60","4.5.2"
"tropHMMcompare","0.2.0","4.5.0"
"tsibble","1.2.0","4.5.2"
"tutorizeR","0.4.5","4.5.2"
"units","1.0-1","4.5.2"
"urlchecker","2.0.0","4.5.2"
"viridisLite","0.4.3","4.5.2"
"visage","0.1.2","4.5.0"
"withr","3.0.3","4.5.2"
"xfun","0.60","4.5.2"
"xml2","1.6.0","4.5.2"
"abind","1.4-8","4.5.0"
"ade4","1.7-23","4.5.0"
"adehabitatLT","0.3.29","4.5.0"
"adehabitatMA","0.3.17","4.5.0"
"ADGofTest","0.3","4.5.0"
"AER","1.2-15","4.5.0"
"afex","1.4-1","4.5.0"
"airports","0.1.0","4.5.0"
"AmesHousing","0.0.4","4.5.0"
"amt","0.3.0.0","4.5.2"
"ape","5.8-1","4.5.0"
"arrow","23.0.1.2","4.5.2"
"ash","1.0-15","4.5.0"
"AsioHeaders","1.30.2-1","4.5.0"
"askpass","1.2.1","4.5.0"
"assertthat","0.2.1","4.5.0"
"AzureAuth","1.3.4","4.5.2"
"babynames","1.0.1","4.5.0"
"backports","1.5.0","4.5.0"
"base","4.5.0","4.5.0"
"base64enc","0.1-3","4.5.0"
"basemaps","0.0.8","4.5.0"
"BayesFactor","0.9.12-4.7","4.5.0"
"bayesplot","1.13.0","4.5.0"
"bayestestR","0.16.1","4.5.0"
"BBmisc","1.13","4.5.0"
"bench","1.1.4","4.5.0"
"Bessel","0.7-0","4.5.2"
"betareg","3.2-3","4.5.0"
"BH","1.87.0-1","4.5.0"
"bigassertr","0.1.7","4.5.0"
"bigD","0.3.1","4.5.0"
"biglm","0.9-3","4.5.0"
"bigparallelr","0.3.2","4.5.0"
"bigutilsr","0.3.11","4.5.0"
"billboarder","0.5.1","4.5.2"
"binb","0.0.7","4.5.0"
"BiocManager","1.30.27","4.5.2"
"bit","4.6.0","4.5.0"
"bit64","4.6.0-1","4.5.0"
"bitops","1.0-9","4.5.0"
"blavaan","0.5-8","4.5.0"
"blob","1.2.4","4.5.0"
"bookdown","0.43","4.5.0"
"boot","1.3-31","4.5.0"
"brew","1.0-10","4.5.0"
"bridgesampling","1.1-2","4.5.0"
"brio","1.1.5","4.5.0"
"brms","2.22.0","4.5.0"
"Brobdingnag","1.2-9","4.5.0"
"broom","1.0.8","4.5.0"
"broom.helpers","1.21.0","4.5.0"
"bs4Dash","2.3.5","4.5.0"
"bsicons","0.1.2","4.5.0"
"bslib","0.10.0","4.5.2"
"cachem","1.1.0","4.5.0"
"callr","3.7.6","4.5.0"
"cansim","0.4.4","4.5.0"
"car","3.1-3","4.5.0"
"carData","3.0-5","4.5.0"
"cards","0.6.1","4.5.0"
"cartogram","0.3.0","4.5.0"
"caTools","1.18.3","4.5.0"
"cellranger","1.1.0","4.5.0"
"checkmate","2.3.3","4.5.0"
"chemometrics","1.4.4","4.5.0"
"cherryblossom","0.1.0","4.5.0"
"chorddiag","0.1.3","4.5.0"
"chromote","0.5.1","4.5.0"
"circlize","0.4.17","4.5.2"
"CircStats","0.2-7","4.5.0"
"circular","0.5-2","4.5.0"
"CircularRegression","0.4.0","4.5.0"
"class","7.3-23","4.5.0"
"classInt","0.4-11","4.5.0"
"cli","3.6.5","4.5.0"
"clipr","0.8.0","4.5.0"
"clock","0.7.3","4.5.0"
"clue","0.3-66","4.5.0"
"cluster","2.1.8.1","4.5.0"
"coda","0.19-4.1","4.5.0"
"codetools","0.2-20","4.5.0"
"collections","0.3.9","4.5.0"
"colorspace","2.1-1","4.5.0"
"colourpicker","1.3.0","4.5.0"
"cols4all","0.10","4.5.0"
"combinat","0.0-8","4.5.0"
"commonmark","1.9.5","4.5.0"
"compiler","4.5.0","4.5.0"
"CompQuadForm","1.4.4","4.5.0"
"conflicted","1.2.0","4.5.0"
"contfrac","1.1-12","4.5.0"
"copula","1.1-6","4.5.0"
"coro","1.1.0","4.5.0"
"correlation","0.8.8","4.5.0"
"corrplot","0.95","4.5.0"
"countrycode","1.6.1","4.5.0"
"covr","3.6.4","4.5.0"
"cowplot","1.2.0","4.5.0"
"cowsay","1.2.2","4.5.0"
"cplm","0.7-12.1","4.5.0"
"cpp11","0.5.3","4.5.2"
"crawl","2.3.0","4.5.0"
"crayon","1.5.3","4.5.0"
"credentials","2.0.2","4.5.0"
"crosstalk","1.2.1","4.5.0"
"ctmm","1.3.0","4.5.2"
"curl","6.2.2","4.5.0"
"cylcop","0.2.1","4.5.0"
"DAAG","1.25.6","4.5.0"
"dagitty","0.3-4","4.5.0"
"data.table","1.18.0","4.5.2"
"datamods","1.5.3","4.5.0"
"datasets","4.5.0","4.5.0"
"datawizard","1.2.0","4.5.0"
"DBI","1.2.3","4.5.0"
"dbplyr","2.5.0","4.5.0"
"dbscan","1.2.2","4.5.0"
"DDoutlier","0.1.0","4.5.0"
"deldir","2.0-4","4.5.0"
"DEoptimR","1.1-4","4.5.0"
"Deriv","4.2.0","4.5.0"
"desc","1.4.3","4.5.0"
"deSolve","1.40","4.5.0"
"devtools","2.4.5","4.5.0"
"dfidx","0.2-0","4.5.0"
"DHARMa","0.4.7","4.5.0"
"diagram","1.6.5","4.5.0"
"dials","1.4.0","4.5.0"
"DiceDesign","1.10","4.5.0"
"diffobj","0.3.6","4.5.0"
"digest","0.6.39","4.5.2"
"diptest","0.77-1","4.5.0"
"discovr","0.2.2","4.5.0"
"distill","1.6","4.5.0"
"distributional","0.5.0","4.5.0"
"doBy","4.7.0","4.5.0"
"doFuture","1.0.2","4.5.0"
"doParallel","1.0.17","4.5.0"
"doRNG","1.8.6.2","4.5.0"
"downlit","0.4.4","4.5.0"
"downloader","0.4.1","4.5.0"
"dplyr","1.2.1","4.5.2"
"dqrng","0.4.1","4.5.0"
"dreamerr","1.5.0","4.5.0"
"dslabs","0.9.0","4.5.0"
"DT","0.33","4.5.0"
"dtplyr","1.3.1","4.5.0"
"dygraphs","1.1.1.6","4.5.0"
"e1071","1.7-17","4.5.2"
"editData","0.1.8","4.5.0"
"effects","4.2-4","4.5.0"
"effectsize","1.0.1","4.5.0"
"ellipsis","0.3.2","4.5.0"
"elliptic","1.4-0","4.5.0"
"ellmer","0.1.1","4.5.0"
"emmeans","1.11.2","4.5.0"
"emoji","16.0.0","4.5.0"
"esquisse","2.1.0","4.5.0"
"estimability","1.5.1","4.5.0"
"estimatr","1.0.6","4.5.0"
"evaluate","1.0.5","4.5.0"
"expm","1.0-0","4.5.0"
"fansi","1.0.6","4.5.0"
"farff","1.1.1","4.5.0"
"farver","2.1.2","4.5.0"
"fastmap","1.2.0","4.5.0"
"fasttime","1.1-0","4.5.0"
"feather","0.3.5","4.5.0"
"fitdistrplus","1.2-5","4.5.2"
"fixest","0.12.1","4.5.0"
"flexdashboard","0.6.2","4.5.0"
"flexmix","2.3-20","4.5.0"
"flextable","0.9.9","4.5.0"
"float","0.3-3","4.5.0"
"flock","0.7","4.5.0"
"FNN","1.1.4.1","4.5.0"
"fontawesome","0.5.3","4.5.0"
"fontBitstreamVera","0.1.1","4.5.0"
"fontLiberation","0.1.0","4.5.0"
"fontquiver","0.2.1","4.5.0"
"forcats","1.0.1","4.5.0"
"foreach","1.5.2","4.5.0"
"forecast","8.24.0","4.5.0"
"foreign","0.8-90","4.5.0"
"formattable","0.2.1","4.5.0"
"Formula","1.2-5","4.5.0"
"fpc","2.2-13","4.5.0"
"fracdiff","1.5-3","4.5.0"
"fresh","0.2.2","4.5.0"
"fs","1.6.6","4.5.0"
"ftExtra","0.6.4","4.5.0"
"furrr","0.3.1","4.5.0"
"future","1.49.0","4.5.0"
"future.apply","1.11.3","4.5.0"
"gamm4","0.2-7","4.5.0"
"gander","0.1.0","4.5.0"
"gap","1.6","4.5.0"
"gap.datasets","0.0.6","4.5.0"
"gapminder","1.0.1","4.5.0"
"gargle","1.5.2","4.5.0"
"gbm","2.2.3","4.5.2"
"gdtools","0.4.4","4.5.0"
"generics","0.1.4","4.5.0"
"geojsonsf","2.0.5","4.5.2"
"geometries","0.2.5","4.5.2"
"geosphere","1.5-20","4.5.0"
"gert","2.1.5","4.5.0"
"ggalluvial","0.12.5","4.5.0"
"GGally","2.3.0","4.5.0"
"gganimate","1.0.11","4.5.0"
"ggcheck","0.0.5","4.5.0"
"ggdag","0.2.13","4.5.0"
"ggforce","0.5.0","4.5.0"
"ggfun","0.2.0","4.5.0"
"ggfx","1.0.3","4.5.0"
"ggh4x","0.3.1","4.5.0"
"ggiraph","0.9.3","4.5.2"
"ggmap","4.0.1","4.5.0"
"ggnewscale","0.5.2","4.5.0"
"ggpattern","1.2.1","4.5.0"
"ggplot2","4.0.2","4.5.2"
"ggplot2movies","0.0.1","4.5.0"
"ggraph","2.2.2","4.5.0"
"ggrepel","0.9.6","4.5.0"
"ggridges","0.5.7","4.5.0"
"ggsci","3.2.0","4.5.0"
"ggspatial","1.1.10","4.5.0"
"ggstats","0.10.0","4.5.0"
"ggtext","0.1.2","4.5.0"
"gh","1.5.0","4.5.0"
"ghclass","0.3.1","4.5.0"
"gitcreds","0.1.2","4.5.0"
"GLBFP","0.4.0","4.5.0"
"glmmTMB","1.1.11","4.5.0"
"glmnet","4.1-10","4.5.0"
"GlobalOptions","0.1.3","4.5.2"
"globals","0.18.0","4.5.0"
"glue","1.8.0","4.5.0"
"Gmedian","1.2.7","4.5.0"
"gmp","0.7-5","4.5.0"
"GoFKernel","2.1-3","4.5.0"
"googledrive","2.1.1","4.5.0"
"googlesheets4","1.1.1","4.5.0"
"gower","1.0.2","4.5.0"
"GPArotation","2025.3-1","4.5.0"
"GPfit","1.0-9","4.5.0"
"gradethis","0.2.14","4.5.0"
"graphics","4.5.0","4.5.0"
"graphlayouts","1.2.2","4.5.0"
"grDevices","4.5.0","4.5.0"
"grid","4.5.0","4.5.0"
"gridExtra","2.3","4.5.0"
"gridlayout","0.2.1","4.5.0"
"gridpattern","1.3.1","4.5.0"
"gridtext","0.1.5","4.5.0"
"gsl","2.1-9","4.5.0"
"gsw","1.2-0","4.5.0"
"gt","1.0.0","4.5.0"
"gtable","0.3.6","4.5.0"
"gtools","3.9.5","4.5.0"
"gutenbergr","0.3.0","4.5.0"
"hardhat","1.4.1","4.5.0"
"haven","2.5.4","4.5.0"
"here","1.0.1","4.5.0"
"highr","0.11","4.5.0"
"Hmisc","5.2-3","4.5.0"
"hmmSSF","0.1.0","4.5.0"
"hms","1.1.3","4.5.0"
"htmlTable","2.4.3","4.5.0"
"htmltools","0.5.9","4.5.2"
"htmlwidgets","1.6.4","4.5.0"
"httpuv","1.6.16","4.5.0"
"httr","1.4.7","4.5.0"
"httr2","1.1.2","4.5.0"
"hunspell","3.0.6","4.5.0"
"hypergeo","1.2-14","4.5.0"
"ICS","1.4-2","4.5.0"
"ICSOutlier","0.4-0","4.5.0"
"ids","1.0.1","4.5.0"
"igraph","2.2.1","4.5.0"
"infer","1.0.8","4.5.0"
"infotheo","1.2.0.1","4.5.0"
"ini","0.3.1","4.5.0"
"inline","0.3.21","4.5.0"
"insight","1.3.1","4.5.0"
"intergraph","2.0-4","4.5.0"
"interp","1.1-6","4.5.0"
"ipred","0.9-15","4.5.0"
"irlba","2.3.5.1","4.5.0"
"ISLR","1.4","4.5.0"
"isoband","0.2.7","4.5.0"
"ISOcodes","2025.05.18","4.5.0"
"isotree","0.6.1-4","4.5.0"
"iterators","1.0.14","4.5.0"
"ivreg","0.6-5","4.5.0"
"janeaustenr","1.0.0","4.5.0"
"janitor","2.2.1","4.5.0"
"jose","1.2.1","4.5.0"
"jpeg","0.1-11","4.5.0"
"jquerylib","0.1.4","4.5.0"
"jsonify","1.2.3","4.5.2"
"jsonlite","2.0.0","4.5.0"
"juicyjuice","0.1.0","4.5.0"
"kableExtra","1.4.0","4.5.0"
"kernlab","0.9-33","4.5.0"
"KernSmooth","2.23-26","4.5.0"
"knitr","1.51","4.5.2"
"ks","1.15.1","4.5.0"
"labeling","0.4.3","4.5.0"
"labelled","2.14.1","4.5.0"
"languageserver","0.3.16","4.5.0"
"lars","1.3","4.5.0"
"later","1.4.2","4.5.0"
"lattice","0.22-9","4.5.2"
"latticeExtra","0.6-30","4.5.0"
"lava","1.8.1","4.5.0"
"lavaan","0.6-19","4.5.0"
"lazyeval","0.2.2","4.5.0"
"leafem","0.2.5","4.5.0"
"leafgl","0.2.2","4.5.0"
"leaflegend","1.2.1","4.5.0"
"leaflet","2.2.2","4.5.0"
"leaflet.extras","2.0.1","4.5.0"
"leaflet.extras2","1.3.2","4.5.0"
"leaflet.minicharts","0.6.3","4.5.0"
"leaflet.providers","2.0.0","4.5.0"
"leafpop","0.1.0","4.5.0"
"leafsync","0.1.0","4.5.0"
"learnr","0.11.5","4.5.0"
"legendry","0.2.4","4.5.0"
"lgr","0.5.0","4.5.0"
"lhs","1.2.0","4.5.0"
"lifecycle","1.0.5","4.5.2"
"lintr","3.2.0","4.5.0"
"listenv","0.9.1","4.5.0"
"litedown","0.7","4.5.0"
"lme4","1.1-37","4.5.0"
"lmerTest","3.1-3","4.5.0"
"lmtest","0.9-40","4.5.0"
"logger","0.4.0","4.5.0"
"loo","2.8.0","4.5.0"
"lpSolve","5.6.23","4.5.0"
"lubridate","1.9.4","4.5.0"
"lwgeom","0.2-15","4.5.2"
"magick","2.9.0","4.5.0"
"magrittr","2.0.4","4.5.0"
"manipulate","1.0.1","4.5.0"
"mapproj","1.2.12","4.5.0"
"maps","3.4.3","4.5.0"
"maptiles","0.11.0","4.5.2"
"mapview","2.11.4","4.5.0"
"markdown","2.0","4.5.0"
"MASS","7.3-65","4.5.0"
"mathjaxr","1.8-0","4.5.0"
"Matrix","1.7-3","4.5.0"
"MatrixExtra","0.1.15","4.5.0"
"MatrixModels","0.5-4","4.5.0"
"matrixStats","1.5.0","4.5.0"
"mclogit","0.9.6","4.5.0"
"mclust","6.1.1","4.5.0"
"mdsr","0.2.8","4.5.0"
"memisc","0.99.31.8.3","4.5.0"
"memoise","2.0.1","4.5.0"
"messy","0.1.0.9000","4.5.0"
"metadat","1.4-0","4.5.0"
"metafor","4.8-0","4.5.0"
"methods","4.5.0","4.5.0"
"mgcv","1.9-3","4.5.0"
"microbenchmark","1.5.0","4.5.0"
"mime","0.13","4.5.0"
"miniUI","0.1.2","4.5.0"
"minqa","1.2.8","4.5.0"
"misc3d","0.9-2","4.5.2"
"mitools","2.4","4.5.0"
"mixR","0.2.1","4.5.0"
"mlapi","0.1.1","4.5.0"
"mlogit","1.1-3","4.5.0"
"mnormt","2.1.1","4.5.0"
"modelbased","0.12.0","4.5.0"
"modeldata","1.4.0","4.5.0"
"modelenv","0.2.0","4.5.0"
"modelr","0.1.11","4.5.0"
"modeltools","0.2-24","4.5.0"
"moments","0.14.1","4.5.0"
"momentuHMM","1.5.8","4.5.2"
"move","4.2.6","4.5.0"
"moveHMM","1.10","4.5.0"
"movMF","0.2-9","4.5.0"
"multicool","1.0.1","4.5.0"
"multimode","1.5","4.5.0"
"mvtnorm","1.3-3","4.5.0"
"nabor","0.5.0","4.5.0"
"nestedLogit","0.3.2","4.5.0"
"network","1.19.0","4.5.0"
"nleqslv","3.3.5","4.5.0"
"nlme","3.1-168","4.5.0"
"nloptr","2.2.1","4.5.0"
"nnet","7.3-20","4.5.0"
"nonnest2","0.5-8","4.5.0"
"nullabor","0.3.15","4.5.0"
"numDeriv","2016.8-1.1","4.5.0"
"nycflights23","0.2.0","4.5.0"
"oce","1.8-3","4.5.0"
"odbc","1.6.4.1","4.5.2"
"officer","0.6.10","4.5.0"
"opdisDownsampling","1.0.1","4.5.0"
"openai","0.4.1","4.5.0"
"openintro","2.5.0","4.5.0"
"OpenML","1.12","4.5.0"
"openSkies","1.3.0","4.5.2"
"openssl","2.3.2","4.5.0"
"openxlsx","4.2.8","4.5.0"
"ordinal","2023.12-4.1","4.5.0"
"ottr","1.5.1","4.5.0"
"outliers","0.15","4.5.0"
"packcircles","0.3.7","4.5.0"
"packrat","0.9.2","4.5.0"
"pagedown","0.22","4.5.0"
"pak","0.8.0.2","4.5.0"
"palmerpenguins","0.1.1","4.5.0"
"parallel","4.5.0","4.5.0"
"parallelly","1.44.0","4.5.0"
"parameters","0.27.0","4.5.0"
"parsedate","1.3.2","4.5.0"
"parsnip","1.3.1","4.5.0"
"pastecs","1.4.2","4.5.0"
"patchwork","1.3.2","4.5.0"
"pbapply","1.7-4","4.5.0"
"pbivnorm","0.6.0","4.5.0"
"pbkrtest","0.5.5","4.5.0"
"pbmcapply","1.5.1","4.5.0"
"pcaPP","2.0-5","4.5.0"
"performance","0.15.0","4.5.0"
"phosphoricons","0.2.1","4.5.0"
"pillar","1.11.1","4.5.0"
"pixmap","0.4-14","4.5.0"
"pkgbuild","1.4.7","4.5.0"
"pkgconfig","2.0.3","4.5.0"
"pkgdown","2.1.2","4.5.0"
"pkgload","1.4.0","4.5.0"
"PKI","0.1-14","4.5.0"
"plogr","0.2.0","4.5.0"
"plot3D","1.4.2","4.5.0"
"plotly","4.12.0","4.5.2"
"pls","2.8-5","4.5.0"
"plyr","1.8.9","4.5.0"
"png","0.1-8","4.5.0"
"polyclip","1.10-7","4.5.0"
"posterior","1.6.1","4.5.0"
"prabclus","2.3-4","4.5.0"
"pracma","2.4.6","4.5.0"
"praise","1.0.0","4.5.0"
"prettymapr","0.2.5","4.5.0"
"prettyunits","1.2.0","4.5.0"
"pROC","1.18.5","4.5.0"
"processx","3.8.6","4.5.0"
"prodlim","2025.04.28","4.5.0"
"profmem","0.7.0","4.5.0"
"profvis","0.4.0","4.5.0"
"progress","1.2.3","4.5.0"
"progressr","0.15.1","4.5.0"
"promises","1.3.3","4.5.0"
"proxy","0.4-29","4.5.2"
"PRROC","1.4","4.5.0"
"ps","1.9.1","4.5.0"
"pscl","1.5.9","4.5.0"
"pspline","1.0-21","4.5.0"
"psych","2.5.6","4.5.0"
"psychTools","2.5.7.22","4.5.0"
"purrr","1.2.1","4.5.2"
"qgam","2.0.0","4.5.0"
"qqconf","1.3.2","4.5.0"
"qqplotr","0.0.6","4.5.0"
"qrcode","0.3.0","4.5.0"
"quadprog","1.5-8","4.5.0"
"quantmod","0.4.28","4.5.0"
"quantreg","6.1","4.5.0"
"quarto","1.4.4","4.5.0"
"QuickJSR","1.8.0","4.5.0"
"quickstat","0.1.0","4.5.0"
"R.cache","0.17.0","4.5.0"
"R.methodsS3","1.8.2","4.5.0"
"R.oo","1.27.1","4.5.0"
"R.utils","2.13.0","4.5.0"
"R6","2.6.1","4.5.0"
"ragg","1.4.0","4.5.0"
"randomForest","4.7-1.2","4.5.0"
"ranger","0.17.0","4.5.0"
"RANN","2.6.2","4.5.0"
"rapidjsonr","1.2.1","4.5.2"
"rappdirs","0.3.4","4.5.2"
"raster","3.6-32","4.5.0"
"rbibutils","2.4.1","4.5.2"
"rcmdcheck","1.4.0","4.5.0"
"RColorBrewer","1.1-3","4.5.0"
"Rcpp","1.1.1","4.5.2"
"RcppAnnoy","0.0.22","4.5.0"
"RcppArmadillo","15.2.3-1","4.5.2"
"RcppEigen","0.3.4.0.2","4.5.0"
"RcppParallel","5.1.10","4.5.0"
"RcppProgress","0.4.2","4.5.0"
"RcppTOML","0.2.3","4.5.0"
"Rdpack","2.6.5","4.5.2"
"reactable","0.4.4","4.5.0"
"reactR","0.6.1","4.5.0"
"readMDTable","0.3.2","4.5.0"
"readr","2.1.5","4.5.0"
"readxl","1.4.5","4.5.0"
"recipes","1.3.0","4.5.0"
"reformulas","0.4.1","4.5.0"
"rematch","2.0.0","4.5.0"
"rematch2","2.1.2","4.5.0"
"remotes","2.5.0","4.5.0"
"rempsyc","0.1.9","4.5.0"
"renv","1.1.4","4.5.0"
"repr","1.1.7","4.5.0"
"reprex","2.1.1","4.5.0"
"reshape2","1.4.4","4.5.0"
"reticulate","1.45.0","4.5.2"
"rex","1.2.1","4.5.0"
"rgl","1.3.24","4.5.0"
"RhpcBLASctl","0.23-42","4.5.0"
"rio","1.2.3","4.5.0"
"rJava","1.0-11","4.5.0"
"rjson","0.2.23","4.5.0"
"rjtools","1.0.18.1","4.5.0"
"rlang","1.1.7","4.5.2"
"RMariaDB","1.3.4","4.5.0"
"rmarkdown","2.31","4.5.2"
"Rmpfr","1.1-2","4.5.0"
"rnaturalearth","1.2.0","4.5.2"
"rnaturalearthdata","1.0.0","4.5.0"
"rnaturalearthhires","1.0.0.9000","4.5.0"
"rngtools","1.5.2","4.5.0"
"robustbase","0.99-6","4.5.0"
"rootSolve","1.8.2.4","4.5.0"
"rosm","0.3.1","4.5.2"
"roxygen2","7.3.3","4.5.0"
"rpart","4.1.24","4.5.0"
"RPostgres","1.4.8","4.5.0"
"RPresto","1.4.8","4.5.2"
"rprojroot","2.1.1","4.5.0"
"rsample","1.3.0","4.5.0"
"rsconnect","1.4.1","4.5.0"
"rsparse","0.5.3","4.5.0"
"RSpectra","0.16-2","4.5.0"
"RSQLite","2.4.6","4.5.2"
"rstan","2.32.7","4.5.0"
"rstanarm","2.32.1","4.5.0"
"rstantools","2.4.0","4.5.0"
"rstudioapi","0.17.1","4.5.0"
"rtf","0.4-14.1","4.5.0"
"Rtsne","0.17","4.5.0"
"rversions","2.1.2","4.5.0"
"rvest","1.0.4","4.5.0"
"s2","1.1.9","4.5.0"
"S7","0.2.0","4.5.0"
"sandwich","3.1-1","4.5.0"
"sass","0.4.10","4.5.0"
"satellite","1.0.6","4.5.0"
"scagnostics","0.2-6","4.5.0"
"scales","1.4.0","4.5.0"
"scatterpie","0.2.6","4.5.0"
"scico","1.5.0","4.5.0"
"scrypt","0.1.6","4.5.0"
"see","0.11.0","4.5.0"
"selectr","0.4-2","4.5.0"
"servr","0.32","4.5.0"
"sessioninfo","1.2.3","4.5.0"
"sf","1.0-24","4.5.2"
"sfd","0.1.0","4.5.0"
"sfheaders","0.4.5","4.5.2"
"shape","1.4.6.1","4.5.0"
"shiny","1.10.0","4.5.0"
"shiny.fluent","0.4.0","4.5.0"
"shiny.react","0.4.0","4.5.0"
"shinybusy","0.3.3","4.5.0"
"shinyjs","2.1.0","4.5.0"
"shinymanager","1.0.410","4.5.0"
"shinystan","2.6.0","4.5.0"
"shinythemes","1.2.0","4.5.0"
"shinyuieditor","0.5.1","4.5.0"
"shinyWidgets","0.9.0","4.5.0"
"showtext","0.9-7","4.5.0"
"showtextdb","3.0","4.5.0"
"sitmo","2.0.2","4.5.0"
"skimr","2.2.1","4.5.0"
"skmeans","0.2-18","4.5.0"
"slam","0.1-55","4.5.0"
"slider","0.3.2","4.5.0"
"slippymath","0.3.1","4.5.0"
"sna","2.8","4.5.0"
"snakecase","0.11.1","4.5.0"
"SnowballC","0.7.1","4.5.0"
"som","0.3-5.2","4.5.0"
"sourcetools","0.1.7-1","4.5.0"
"sp","2.2-0","4.5.0"
"spacesXYZ","1.6-0","4.5.0"
"SparseM","1.84-2","4.5.0"
"sparsevctrs","0.3.3","4.5.0"
"spatial","7.3-18","4.5.0"
"spelling","2.3.1","4.5.0"
"splines","4.5.0","4.5.0"
"SQUAREM","2021.1","4.5.0"
"ssh","0.9.4","4.5.0"
"ssmmHMM","0.1.0","4.5.0"
"stabledist","0.7-2","4.5.0"
"StanHeaders","2.32.10","4.5.0"
"stars","0.7-0","4.5.2"
"statmod","1.5.1","4.5.0"
"statnet.common","4.12.0","4.5.0"
"stats","4.5.0","4.5.0"
"stats4","4.5.0","4.5.0"
"stopwords","2.3","4.5.0"
"streamy","0.1.0","4.5.0"
"stringdist","0.9.17","4.5.2"
"stringi","1.8.7","4.5.0"
"stringmagic","1.2.0","4.5.0"
"stringr","1.6.0","4.5.0"
"styler","1.11.0","4.5.0"
"suncalc","0.5.1","4.5.0"
"survey","4.4-2","4.5.0"
"survival","3.8-3","4.5.0"
"svglite","2.2.1","4.5.0"
"sys","3.4.3","4.5.0"
"sysfonts","0.8.9","4.5.0"
"systemfonts","1.3.1","4.5.0"
"taxonomyHMMSSF","0.0.0.9000","4.5.0"
"tcltk","4.5.0","4.5.0"
"tensorA","0.36.2.1","4.5.0"
"terra","1.8-93","4.5.2"
"testthat","3.3.2","4.5.2"
"text2vec","0.6.4","4.5.0"
"textdata","0.4.5","4.5.0"
"textshaping","1.0.1","4.5.0"
"thematic","0.1.8","4.5.0"
"threejs","0.3.4","4.5.0"
"tibble","3.3.1","4.5.2"
"tidygeocoder","1.0.6","4.5.0"
"tidygraph","1.3.1","4.5.0"
"tidymodels","1.3.0","4.5.0"
"tidyr","1.3.2","4.5.2"
"tidyselect","1.2.1","4.5.0"
"tidyterra","1.0.0","4.5.2"
"tidytext","0.4.2","4.5.0"
"tidyverse","2.0.0","4.5.0"
"timechange","0.3.0","4.5.0"
"timeDate","4041.110","4.5.0"
"tinytex","0.58","4.5.2"
"titanic","0.1.0","4.5.0"
"tmap","4.2","4.5.0"
"tmaptools","3.3","4.5.0"
"TMB","1.9.18","4.5.0"
"tmvnsim","1.0-2","4.5.0"
"toastui","0.4.0","4.5.0"
"tokenizers","0.3.0","4.5.0"
"tools","4.5.0","4.5.0"
"transformr","0.1.5","4.5.0"
"transport","0.15-4","4.5.0"
"treesitter","0.2.0","4.5.0"
"treesitter.r","1.1.0","4.5.0"
"triebeard","0.4.1","4.5.0"
"tropHMMcompare","0.2.0","4.5.0"
"tseries","0.10-58","4.5.0"
"TTR","0.24.4","4.5.0"
"tune","1.3.0","4.5.0"
"tutorizeR","0.2.0","4.5.0"
"tweedie","2.3.5","4.5.0"
"tweenr","2.0.3","4.5.0"
"twosamples","2.0.1","4.5.0"
"tzdb","0.5.0","4.5.0"
"ucminf","1.2.2","4.5.0"
"UlavalSSD","0.2.0","4.5.0"
"umap","0.2.10.0","4.5.0"
"units","1.0-0","4.5.0"
"urca","1.3-4","4.5.0"
"urlchecker","1.0.1","4.5.0"
"urltools","1.7.3.1","4.5.0"
"usdata","0.3.1","4.5.0"
"usethis","3.2.1","4.5.0"
"utf8","1.2.6","4.5.0"
"utils","4.5.0","4.5.0"
"uuid","1.2-1","4.5.0"
"uwot","0.2.4","4.5.0"
"V8","6.0.3","4.5.0"
"vcd","1.4-13","4.5.0"
"vctrs","0.7.3","4.5.2"
"vdiffr","1.0.8","4.5.0"
"VGAM","1.1-13","4.5.0"
"vip","0.4.5","4.5.2"
"viridis","0.6.5","4.5.0"
"viridisLite","0.4.2","4.5.0"
"vroom","1.6.5","4.5.0"
"waiter","0.2.5.1","4.5.0"
"waldo","0.6.2","4.5.0"
"warp","0.2.1","4.5.0"
"weathercan","0.7.6","4.5.1"
"webshot2","0.1.2","4.5.0"
"websocket","1.4.4","4.5.0"
"whisker","0.4.1","4.5.0"
"widgetframe","0.3.1","4.5.0"
"withr","3.0.2","4.5.0"
"wk","0.9.5","4.5.2"
"wordcloud2","0.2.1","4.5.0"
"workflows","1.2.0","4.5.0"
"workflowsets","1.1.0","4.5.0"
"writexl","1.5.4","4.5.0"
"xaringan","0.30","4.5.0"
"xaringanExtra","0.8.0","4.5.0"
"xaringanthemer","0.4.4","4.5.0"
"xfun","0.56","4.5.2"
"xgboost","3.2.1.1","4.5.2"
"XML","3.99-0.19","4.5.0"
"xml2","1.3.8","4.5.0"
"xmlparsedata","1.0.5","4.5.0"
"xopen","1.0.1","4.5.0"
"xtable","1.8-4","4.5.0"
"xts","0.14.1","4.5.0"
"yaml","2.3.12","4.5.2"
"yardstick","1.3.2","4.5.0"
"yesno","0.1.3","4.5.0"
"yulab.utils","0.2.3","4.5.2"
"zip","2.3.2","4.5.0"
"zoo","1.8-14","4.5.0"
